9.460450111519581595e-01
1.135649338874999970e-01
9.275558343597666289e-01
4.778677380535613084e-01
8.589465390606760842e-01
7.421700002500486448e-02
1.215032019416739661e-02
2.974317294927925071e-01
8.378127270469117871e-01
5.013646092976460356e-01
4.567875560395145973e-01
6.635996061004106883e-01
2.612923534069856446e-01
2.310595014410649073e-01
4.122877672716340758e-02
4.161045931931373065e-02
6.518748749819780475e-02
9.711694149639090723e-01
1.658269545252792909e-01
2.671729443866098785e-01
3.975865586131830387e-01
9.345922982466436935e-01
2.423332861674476479e-02
5.926563148712935547e-01
3.074675839767392338e-01
