-3.401716072484307407e+00
-1.620623087888091729e-01
-3.093640573411360339e+00
-1.293633345719210404e+00
-2.653083017722934311e+00
-1.679306514232676573e-01
2.833466938764738624e-02
-6.028443349946031038e-01
-2.597129430650698012e+00
-1.271271377102289657e+00
-1.095659920510518193e+00
-1.759443355287791722e+00
-5.231788348448942472e-01
-4.760594521446530614e-01
-1.488863125424413902e-02
-6.030826458174873284e-02
-1.309739386770350233e-01
-3.514493050612989222e+00
-2.540830544471610608e-01
-5.528186814557655149e-01
-9.196283616219377288e-01
-3.264910691714341340e+00
-6.751104688662808162e-02
-1.495667473344988396e+00
-6.102636800545968576e-01
